6 0.49921875 0.06015625 0.95546875 0.1
6 0.4984375 0.1734375 0.96484375 0.1
6 0.50390625 0.28046875 0.95390625 0.10546875
6 0.49921875 0.39453125 0.95546875 0.1015625
6 0.5046875 0.509375 0.9453125 0.103125
6 0.5109375 0.62109375 0.9484375 0.10390625
6 0.51015625 0.734375 0.95703125 0.10390625
9 0.18203125 0.171875 0.21875 0.0921875
9 0.1796875 0.28515625 0.22421875 0.10078125
9 0.1734375 0.396875 0.22109375 0.10546875
9 0.175 0.5109375 0.225 0.10078125
9 0.17890625 0.62109375 0.23359375 0.10390625
9 0.17734375 0.7359375 0.22890625 0.10546875
2 0.103125 0.06953125 0.090625 0.06640625
2 0.8921875 0.0703125 0.1203125 0.07265625
2 0.1359375 0.96015625 0.146875 0.0703125
2 0.37578125 0.95546875 0.14375 0.07578125
2 0.6265625 0.96015625 0.14296875 0.0703125
2 0.8765625 0.96328125 0.1515625 0.07265625
2 0.8953125 0.16875 0.10625 0.05703125
2 0.8921875 0.278125 0.1203125 0.0578125
2 0.884375 0.390625 0.1359375 0.06015625
2 0.896875 0.5109375 0.11015625 0.0546875
2 0.90859375 0.621875 0.1125 0.0484375
2 0.9015625 0.73046875 0.11875 0.0625
8 0.55546875 0.17109375 0.4828125 0.07578125
8 0.54921875 0.278125 0.4703125 0.06640625
8 0.5421875 0.3921875 0.4671875 0.07265625
8 0.54453125 0.50859375 0.47109375 0.078125
8 0.559375 0.61953125 0.48125 0.0765625
8 0.56796875 0.7296875 0.49765625 0.075
8 0.51640625 0.06796875 0.27265625 0.05859375