6 0.5078125 0.06640625 0.9625 0.121875
2 0.10859375 0.06484375 0.1125 0.071875
2 0.90234375 0.07109375 0.1 0.0703125
2 0.84375 0.29765625 0.16796875 0.09140625
2 0.13046875 0.95625 0.16640625 0.08203125
2 0.38828125 0.9546875 0.16875 0.08828125
2 0.63984375 0.9546875 0.14921875 0.084375
2 0.87734375 0.94921875 0.1734375 0.09140625
6 0.50546875 0.2546875 0.96796875 0.2421875
0 0.51015625 0.42109375 0.96640625 0.0828125
0 0.50546875 0.5015625 0.96796875 0.0734375
0 0.5078125 0.57734375 0.9625 0.06875
0 0.503125 0.6515625 0.96328125 0.0796875
0 0.50703125 0.73203125 0.971875 0.07890625
8 0.30625 0.2921875 0.4875 0.09453125
8 0.509375 0.06796875 0.31953125 0.06875