2 0.08125 0.090625 0.10390625 0.03984375
8 0.5078125 0.09765625 0.70546875 0.03671875
8 0.50703125 0.16640625 0.86328125 0.08046875
1 0.31484375 0.5546875 0.37578125 0.67734375
1 0.73046875 0.5546875 0.42421875 0.67734375
6 0.5140625 0.30234375 0.8203125 0.17109375
6 0.515625 0.47109375 0.82421875 0.18515625
6 0.51953125 0.646875 0.83125 0.16875
6 0.51953125 0.8109375 0.83125 0.1546875
9 0.3046875 0.29609375 0.29921875 0.1515625
9 0.7234375 0.29765625 0.296875 0.1625
9 0.29609375 0.47421875 0.2921875 0.16953125
9 0.725 0.47578125 0.30078125 0.16875
9 0.3 0.64765625 0.3 0.15703125
9 0.72265625 0.64453125 0.30546875 0.16875
9 0.30703125 0.8140625 0.29453125 0.16171875
9 0.7265625 0.81328125 0.3046875 0.15078125
0 0.5 0.928125 0.87734375 0.06953125