2 0.103125 0.09453125 0.103125 0.0390625
8 0.5171875 0.090625 0.69140625 0.04765625
8 0.51796875 0.16796875 0.89609375 0.07421875
1 0.31328125 0.55546875 0.42109375 0.67734375
1 0.7546875 0.55234375 0.40078125 0.66640625
6 0.50703125 0.3 0.984375 0.1703125
6 0.51484375 0.475 0.9625 0.15625
6 0.50234375 0.64140625 0.928125 0.16640625
6 0.51640625 0.8046875 0.96640625 0.15859375
0 0.5203125 0.928125 0.8546875 0.0796875
9 0.29921875 0.3 0.29296875 0.15703125
9 0.73125 0.30390625 0.3078125 0.16953125
9 0.29375 0.4703125 0.28203125 0.1515625
9 0.73515625 0.47265625 0.31484375 0.1640625
9 0.2984375 0.6421875 0.309375 0.1609375
9 0.72421875 0.64296875 0.284375 0.15703125
9 0.2984375 0.80859375 0.28125 0.1578125
9 0.73046875 0.809375 0.27890625 0.16328125