2 0.10546875 0.09453125 0.11484375 0.046875
6 0.50234375 0.32109375 0.94609375 0.13359375
6 0.49609375 0.4515625 0.93515625 0.11953125
6 0.49453125 0.5734375 0.93125 0.11953125
6 0.49375 0.7 0.93984375 0.1234375
6 0.49375 0.8234375 0.93984375 0.125
6 0.4953125 0.9453125 0.94375 0.109375
2 0.1578125 0.321875 0.14453125 0.071875
2 0.16328125 0.4515625 0.15625 0.06796875
2 0.16484375 0.57109375 0.159375 0.0796875
2 0.16328125 0.7046875 0.15625 0.06875
2 0.1609375 0.8234375 0.1609375 0.0734375
2 0.1625 0.953125 0.1265625 0.07109375
2 0.90390625 0.23125 0.11171875 0.040625
2 0.8640625 0.334375 0.125 0.0484375
2 0.859375 0.459375 0.096875 0.05859375
2 0.8609375 0.5859375 0.13828125 0.05390625
2 0.86640625 0.71171875 0.1203125 0.05234375
2 0.859375 0.8359375 0.096875 0.04765625
2 0.8640625 0.96328125 0.125 0.04765625
4 0.51640625 0.15546875 0.909375 0.0734375
8 0.42421875 0.32578125 0.32265625 0.02734375
8 0.32109375 0.4515625 0.125 0.03046875
8 0.41875 0.5796875 0.3109375 0.0453125
8 0.39140625 0.703125 0.246875 0.03515625
8 0.4640625 0.828125 0.43046875 0.03203125
8 0.38203125 0.95390625 0.265625 0.025
8 0.51640625 0.09453125 0.54375 0.03359375
8 0.91484375 0.09453125 0.1703125 0.0296875