1 0.27578125 0.63671875 0.48671875 0.7265625
1 0.75625 0.6359375 0.4875 0.72109375
6 0.48984375 0.190625 0.93359375 0.1609375
6 0.5 0.425 0.96328125 0.32109375
6 0.5046875 0.7359375 0.98984375 0.315625
2 0.128125 0.09140625 0.1125 0.0515625
8 0.51015625 0.09140625 0.18203125 0.03828125
8 0.37890625 0.190625 0.55078125 0.10078125
8 0.25234375 0.55390625 0.37734375 0.0328125
8 0.721875 0.559375 0.3484375 0.046875
8 0.253125 0.8625 0.36171875 0.04921875
8 0.72734375 0.8625 0.39453125 0.05234375
3 0.26953125 0.4078125 0.42109375 0.2515625
3 0.73359375 0.40625 0.396875 0.2578125
3 0.271875 0.71640625 0.4171875 0.24296875
3 0.74609375 0.71328125 0.421875 0.2453125