8 0.51796875 0.0875 0.3765625 0.05390625
8 0.51875 0.17265625 0.7296875 0.065625
8 0.51015625 0.4484375 0.69453125 0.05546875
8 0.17265625 0.25390625 0.2515625 0.02265625
8 0.3859375 0.53125 0.34375 0.0578125
8 0.415625 0.60625 0.36640625 0.0546875
8 0.39375 0.68828125 0.31328125 0.05546875
8 0.4046875 0.775 0.37265625 0.04375
8 0.378125 0.85390625 0.30078125 0.04296875
0 0.5109375 0.93515625 0.64140625 0.0765625
6 0.49921875 0.5265625 0.93203125 0.0875
6 0.4953125 0.60859375 0.92421875 0.075
6 0.48984375 0.69296875 0.95859375 0.090625
6 0.49453125 0.775 0.94921875 0.078125
6 0.496875 0.8515625 0.93671875 0.078125
9 0.13203125 0.5265625 0.14140625 0.07421875
9 0.128125 0.6046875 0.12578125 0.06796875
9 0.13125 0.69375 0.14921875 0.075
9 0.128125 0.77734375 0.13359375 0.06953125
9 0.12734375 0.84921875 0.15078125 0.0734375
9 0.125 0.9359375 0.15546875 0.0703125
9 0.178125 0.34140625 0.196875 0.115625
9 0.3453125 0.33515625 0.1515625 0.11640625
9 0.50859375 0.34375 0.17265625 0.10703125
9 0.684375 0.34453125 0.1625 0.1125
9 0.86171875 0.34296875 0.184375 0.1109375