2 0.07265625 0.08828125 0.096875 0.05234375
2 0.14296875 0.92578125 0.146875 0.053125
2 0.38359375 0.92734375 0.121875 0.05234375
2 0.6125 0.92578125 0.11171875 0.04921875
2 0.8328125 0.9296875 0.128125 0.05234375
1 0.175 0.50234375 0.33984375 0.7828125
1 0.49140625 0.50390625 0.2953125 0.78671875
1 0.78203125 0.503125 0.29453125 0.7921875
6 0.50234375 0.19765625 0.9953125 0.1734375
6 0.50234375 0.375 0.9953125 0.184375
6 0.50234375 0.55234375 0.9953125 0.1671875
6 0.50078125 0.728125 0.990625 0.18203125
9 0.1828125 0.1953125 0.28046875 0.14765625
9 0.490625 0.19765625 0.253125 0.15625
9 0.78125 0.1984375 0.2828125 0.1578125
9 0.1765625 0.3828125 0.3234375 0.1609375
9 0.49765625 0.38359375 0.26796875 0.14921875
9 0.78828125 0.390625 0.26015625 0.14921875
9 0.17890625 0.56328125 0.31015625 0.1375
9 0.5 0.56328125 0.271875 0.1296875
9 0.78671875 0.5671875 0.28515625 0.13671875
9 0.17421875 0.740625 0.3484375 0.13984375
9 0.48515625 0.7359375 0.27890625 0.1421875
9 0.78828125 0.73984375 0.29765625 0.1453125