1 0.19765625 0.64765625 0.303125 0.7
1 0.50859375 0.64765625 0.3046875 0.70390625
1 0.8328125 0.64765625 0.334375 0.7015625
6 0.5125 0.36484375 0.94140625 0.14375
6 0.5203125 0.4984375 0.959375 0.125
6 0.5203125 0.625 0.959375 0.121875
6 0.51875 0.753125 0.9359375 0.1296875
6 0.51796875 0.8859375 0.94453125 0.134375
8 0.49609375 0.1328125 0.8 0.11953125
9 0.203125 0.36953125 0.27734375 0.11875
9 0.503125 0.36953125 0.27109375 0.11875
9 0.80625 0.3703125 0.26015625 0.11640625
9 0.2046875 0.50234375 0.2890625 0.12265625
9 0.50703125 0.50234375 0.278125 0.11953125
9 0.8046875 0.50078125 0.28515625 0.115625
9 0.1984375 0.62890625 0.28671875 0.115625
9 0.50859375 0.63125 0.28203125 0.12109375
9 0.81328125 0.62890625 0.303125 0.11953125
9 0.1984375 0.75390625 0.28671875 0.12578125
9 0.5 0.75625 0.2640625 0.11796875
9 0.81640625 0.753125 0.28203125 0.1296875
9 0.1984375 0.88828125 0.28671875 0.13984375
9 0.515625 0.8859375 0.26875 0.134375
9 0.8078125 0.8859375 0.2640625 0.12109375