9 0.13203125 0.6703125 0.1984375 0.128125
9 0.37890625 0.67265625 0.24140625 0.13359375
9 0.62734375 0.6703125 0.22265625 0.13203125
9 0.3859375 0.7984375 0.22734375 0.11875
9 0.63515625 0.8015625 0.22890625 0.1203125
9 0.5078125 0.31484375 0.60859375 0.3375
1 0.1515625 0.7796875 0.2546875 0.3765625
1 0.3859375 0.778125 0.2640625 0.37890625
1 0.634375 0.77890625 0.2375 0.37109375
1 0.87265625 0.77421875 0.2546875 0.3703125
6 0.50234375 0.6625 0.9953125 0.146875
6 0.503125 0.7953125 0.97734375 0.125
6 0.5 0.9078125 0.9984375 0.10546875
0 0.87578125 0.09609375 0.225 0.0578125
2 0.09140625 0.0921875 0.12578125 0.05078125