3 0.1671875 0.353125 0.3328125 0.328125
3 0.49140625 0.3546875 0.321875 0.33125
3 0.8296875 0.35 0.340625 0.334375
3 0.17109375 0.68203125 0.33984375 0.32890625
3 0.503125 0.6828125 0.32734375 0.33046875
3 0.834375 0.68046875 0.33046875 0.32734375
4 0.49609375 0.14453125 0.971875 0.06953125
2 0.0921875 0.08671875 0.11796875 0.04453125
6 0.51015625 0.925 0.9078125 0.05234375
8 0.17734375 0.925 0.2328125 0.03515625
8 0.496875 0.9234375 0.18671875 0.03125
8 0.828125 0.92421875 0.18984375 0.0328125
8 0.51484375 0.08359375 0.4875 0.0375