8 0.5 0.48203125 1 0.6921875
2 0.05546875 0.10546875 0.10859375 0.05625
2 0.12578125 0.93125 0.13046875 0.06484375
2 0.31171875 0.928125 0.12578125 0.06171875
2 0.50859375 0.92734375 0.14296875 0.065625
2 0.71015625 0.9328125 0.12265625 0.05859375
2 0.90234375 0.921875 0.12109375 0.0578125
0 0.87890625 0.859375 0.21171875 0.05625
2 0.08203125 0.85859375 0.10703125 0.0546875
2 0.19453125 0.86015625 0.10234375 0.05390625
2 0.3046875 0.85859375 0.1109375 0.0546875
2 0.9390625 0.09921875 0.12109375 0.04765625
8 0.49140625 0.1015625 0.49375 0.05703125