8 0.49921875 0.0875 0.19921875 0.04609375
8 0.5296875 0.25625 0.49296875 0.0390625
8 0.4984375 0.375 0.39296875 0.03359375
8 0.51796875 0.49140625 0.47890625 0.04765625
8 0.6046875 0.60625 0.62421875 0.028125
8 0.5984375 0.725 0.621875 0.03359375
8 0.61015625 0.83828125 0.64375 0.04296875
6 0.50234375 0.259375 0.94765625 0.11484375
6 0.50234375 0.378125 0.94765625 0.10703125
6 0.4984375 0.48984375 0.94765625 0.11640625
6 0.49453125 0.60703125 0.94921875 0.115625
6 0.49609375 0.721875 0.953125 0.1140625
6 0.49140625 0.84296875 0.9625 0.11953125
2 0.11484375 0.93046875 0.153125 0.06796875
2 0.3078125 0.93515625 0.1515625 0.06484375
2 0.5109375 0.93515625 0.16796875 0.06875
2 0.7125 0.93359375 0.1359375 0.06953125
2 0.90703125 0.93671875 0.1171875 0.07578125
3 0.16015625 0.25703125 0.2171875 0.1015625
3 0.14921875 0.3765625 0.23203125 0.0921875
3 0.1546875 0.49140625 0.2140625 0.10703125
3 0.15625 0.60703125 0.21796875 0.11171875
3 0.1578125 0.72109375 0.221875 0.09921875
3 0.1515625 0.84375 0.2359375 0.10078125