6 0.5109375 0.4015625 0.953125 0.09375
6 0.509375 0.50546875 0.94921875 0.09140625
6 0.51328125 0.6046875 0.95625 0.09453125
6 0.515625 0.7078125 0.94296875 0.096875
2 0.3546875 0.8359375 0.14921875 0.0703125
2 0.6671875 0.8359375 0.13984375 0.0703125
2 0.13125 0.94140625 0.13515625 0.06796875
2 0.378125 0.94140625 0.18671875 0.06796875
2 0.64140625 0.94140625 0.14609375 0.06015625
2 0.8984375 0.94140625 0.13125 0.06015625
2 0.84375 0.09375 0.07890625 0.05625
2 0.95234375 0.09140625 0.09453125 0.05625
8 0.4953125 0.20234375 0.96015625 0.08203125
9 0.09765625 0.09453125 0.12578125 0.06171875