2 0.09375 0.06875 0.09296875 0.07109375
2 0.90546875 0.06484375 0.1171875 0.0671875
2 0.85234375 0.26640625 0.175 0.0859375
2 0.8515625 0.50546875 0.19296875 0.08125
2 0.85 0.734375 0.1796875 0.09765625
2 0.1265625 0.95859375 0.15859375 0.0765625
2 0.3703125 0.959375 0.16328125 0.07890625
2 0.621875 0.959375 0.14375 0.08125
2 0.865625 0.95859375 0.14921875 0.0828125
6 0.503125 0.2203125 0.96328125 0.23515625
6 0.5078125 0.45625 0.984375 0.23125
6 0.5078125 0.6875 0.984375 0.228125
8 0.5078125 0.06796875 0.346875 0.05
8 0.2890625 0.2671875 0.43203125 0.10234375
8 0.31328125 0.5 0.490625 0.08828125
8 0.3015625 0.7265625 0.4890625 0.09296875