6 0.49140625 0.16953125 0.96171875 0.11015625
6 0.49609375 0.278125 0.95234375 0.09765625
6 0.50078125 0.38203125 0.971875 0.103125
6 0.5015625 0.4875 0.96328125 0.09296875
6 0.5015625 0.58984375 0.96328125 0.09921875
6 0.49453125 0.69375 0.97734375 0.096875
6 0.496875 0.79296875 0.9640625 0.09609375
2 0.10546875 0.9375 0.15234375 0.05234375
2 0.3015625 0.93671875 0.1421875 0.05078125
2 0.50078125 0.93671875 0.15625 0.046875
2 0.69765625 0.93984375 0.16640625 0.0578125
2 0.90703125 0.940625 0.14453125 0.059375