2 0.91640625 0.09609375 0.0765625 0.0546875
1 0.3421875 0.490625 0.24140625 0.690625
1 0.6046875 0.48984375 0.25234375 0.69296875
1 0.875 0.48515625 0.25 0.69765625
0 0.41015625 0.8984375 0.37734375 0.09296875
0 0.7828125 0.8953125 0.32265625 0.0859375
9 0.35 0.2171875 0.20234375 0.13125
9 0.60390625 0.21953125 0.2234375 0.1234375
9 0.8625 0.21875 0.20703125 0.134375
9 0.3609375 0.37578125 0.2328125 0.1375
9 0.5953125 0.3765625 0.20546875 0.14296875
9 0.859375 0.38203125 0.18359375 0.125
9 0.33984375 0.53828125 0.209375 0.121875
9 0.60234375 0.540625 0.228125 0.121875
9 0.8609375 0.53984375 0.1953125 0.13359375
9 0.3421875 0.696875 0.2046875 0.128125
9 0.6125 0.69296875 0.221875 0.13671875
9 0.87421875 0.69921875 0.22109375 0.12421875
6 0.59765625 0.21640625 0.8046875 0.1546875
6 0.59765625 0.3765625 0.8046875 0.153125
6 0.59765625 0.534375 0.8046875 0.153125
6 0.6125 0.6921875 0.775 0.15
1 0.59765625 0.49921875 0.8046875 0.9984375
8 0.3390625 0.0984375 0.18046875 0.04609375