3 0.26796875 0.33359375 0.49765625 0.29453125
3 0.73515625 0.2953125 0.4796875 0.21796875
3 0.26171875 0.62734375 0.46640625 0.28671875
3 0.728125 0.5453125 0.45625 0.28828125
3 0.2578125 0.83046875 0.4671875 0.12890625
3 0.73203125 0.79375 0.4640625 0.20625
1 0.253125 0.534375 0.5046875 0.721875
1 0.75234375 0.534375 0.459375 0.71796875
0 0.1625 0.15625 0.23203125 0.0671875
0 0.4515625 0.15859375 0.30625 0.06328125
0 0.8046875 0.159375 0.36171875 0.0609375
2 0.103125 0.93046875 0.13125 0.04453125
2 0.30078125 0.92734375 0.13203125 0.03984375
2 0.49765625 0.93125 0.14140625 0.046875
2 0.70546875 0.92890625 0.12734375 0.04140625
2 0.9015625 0.93046875 0.11640625 0.04453125
2 0.92890625 0.08671875 0.0984375 0.04140625
9 0.18828125 0.084375 0.2546875 0.05859375