8 0.50390625 0.0828125 0.534375 0.0484375
8 0.57265625 0.37265625 0.653125 0.10859375
8 0.57421875 0.55390625 0.66484375 0.11640625
8 0.58671875 0.72734375 0.6625 0.096875
8 0.44453125 0.21953125 0.803125 0.08359375
6 0.503125 0.3703125 0.9578125 0.1828125
6 0.50546875 0.55859375 0.9609375 0.16953125
6 0.503125 0.72578125 0.965625 0.14921875
0 0.50546875 0.85234375 0.9609375 0.07890625
2 0.946875 0.0765625 0.10546875 0.046875
9 0.153125 0.340625 0.134375 0.07578125
9 0.1484375 0.5296875 0.13515625 0.06796875
9 0.15078125 0.7078125 0.1390625 0.075