6 0.51171875 0.21484375 0.9765625 0.15
6 0.5140625 0.43359375 0.971875 0.28203125
6 0.51171875 0.696875 0.95703125 0.20390625
2 0.5046875 0.91640625 0.159375 0.0671875
2 0.1015625 0.91875 0.11953125 0.05546875
2 0.90625 0.92421875 0.13125 0.06171875
3 0.17578125 0.21328125 0.240625 0.12578125
3 0.56015625 0.2109375 0.22421875 0.128125
2 0.390625 0.70546875 0.13203125 0.06875
2 0.8 0.70078125 0.13828125 0.07578125
8 0.3734375 0.10546875 0.67109375 0.06171875
8 0.2921875 0.32578125 0.490625 0.03671875
8 0.1296875 0.8359375 0.1578125 0.05859375
8 0.31640625 0.8390625 0.15625 0.05625
8 0.4828125 0.840625 0.1234375 0.05
8 0.646875 0.8375 0.16015625 0.04921875
8 0.8609375 0.84375 0.17734375 0.04375