1 0.50703125 0.55859375 0.9765625 0.8828125
6 0.50703125 0.190625 0.91796875 0.128125
6 0.50703125 0.31875 0.91796875 0.12421875
6 0.50703125 0.44140625 0.91796875 0.115625
6 0.51328125 0.5578125 0.9125 0.11484375
6 0.50703125 0.6796875 0.91796875 0.12734375
6 0.50859375 0.80546875 0.921875 0.121875
6 0.5 0.934375 0.928125 0.13125
8 0.5046875 0.08125 0.16796875 0.03828125
8 0.88984375 0.08203125 0.14453125 0.034375
8 0.53125 0.1875 0.2859375 0.0359375
8 0.553125 0.309375 0.34765625 0.040625
8 0.50390625 0.434375 0.259375 0.0375
8 0.48125 0.553125 0.2140625 0.0359375
8 0.50703125 0.678125 0.24609375 0.0421875
8 0.484375 0.8015625 0.23828125 0.0375
8 0.6203125 0.928125 0.4734375 0.0375
3 0.2296875 0.1890625 0.22421875 0.1078125
3 0.2234375 0.31796875 0.2671875 0.10546875
3 0.23203125 0.4453125 0.265625 0.09375
3 0.22109375 0.56015625 0.271875 0.10078125
3 0.23359375 0.6890625 0.26953125 0.11171875
3 0.215625 0.80390625 0.25234375 0.10546875
3 0.21328125 0.93671875 0.25703125 0.10625