8 0.515625 0.0828125 0.18671875 0.0421875
8 0.90390625 0.0828125 0.15703125 0.04609375
8 0.5078125 0.19765625 0.57421875 0.0578125
8 0.5125 0.3359375 0.390625 0.040625
8 0.50234375 0.46640625 0.20546875 0.0625
8 0.5171875 0.61171875 0.3 0.04296875
8 0.51015625 0.74921875 0.28515625 0.0546875
8 0.49453125 0.88203125 0.22734375 0.04375
1 0.5 0.5625 0.95546875 0.875
6 0.50625 0.203125 0.92890625 0.12890625
6 0.5 0.3375 0.90625 0.12890625
6 0.503125 0.47265625 0.921875 0.13515625
6 0.4953125 0.6109375 0.90703125 0.13984375
6 0.503125 0.75078125 0.921875 0.1296875
6 0.50078125 0.9015625 0.9265625 0.171875