2 0.071875 0.08125 0.1140625 0.0546875
9 0.51015625 0.20078125 0.34765625 0.16953125
9 0.18203125 0.66484375 0.21328125 0.10390625
9 0.44765625 0.6625 0.24140625 0.11171875
9 0.7265625 0.66328125 0.24140625 0.1140625
9 0.94140625 0.65703125 0.1171875 0.1109375
9 0.17734375 0.8671875 0.23125 0.10625
9 0.44765625 0.86328125 0.2328125 0.10703125
9 0.7234375 0.86328125 0.22578125 0.1109375
9 0.93984375 0.8609375 0.11953125 0.11015625
6 0.5015625 0.8453125 0.996875 0.21328125
6 0.5046875 0.64609375 0.990625 0.1859375
6 0.50625 0.346875 0.98671875 0.0765625
0 0.3015625 0.50234375 0.4890625 0.06953125
8 0.5109375 0.0765625 0.33046875 0.05390625
8 0.91875 0.0796875 0.1328125 0.04765625
8 0.18046875 0.3484375 0.246875 0.0453125
8 0.221875 0.43125 0.3203125 0.04765625