2 0.08828125 0.0796875 0.0734375 0.0484375
9 0.1953125 0.34453125 0.34296875 0.18203125
9 0.52109375 0.34453125 0.30703125 0.1859375
9 0.828125 0.34375 0.3 0.18984375
2 0.27734375 0.29765625 0.1046875 0.05859375
2 0.584375 0.29765625 0.1140625 0.05078125
2 0.88515625 0.2984375 0.1203125 0.05625
2 0.1703125 0.9234375 0.0921875 0.0515625
2 0.50078125 0.928125 0.1125 0.05234375
2 0.8359375 0.9296875 0.13125 0.04765625
8 0.20234375 0.13125 0.32890625 0.03671875
8 0.35625 0.2171875 0.665625 0.04609375
7 0.49453125 0.66640625 0.9234375 0.41796875