9 0.49609375 0.20390625 0.3125 0.16015625
8 0.171875 0.35234375 0.2875 0.040625
8 0.74453125 0.35234375 0.2640625 0.03359375
8 0.2 0.434375 0.34296875 0.0375
6 0.50625 0.66796875 0.98671875 0.1453125
6 0.50625 0.86484375 0.98671875 0.146875
0 0.28125 0.50625 0.5421875 0.0953125
2 0.0640625 0.08125 0.09921875 0.0625
9 0.1671875 0.66640625 0.23203125 0.11875
9 0.43671875 0.6671875 0.2453125 0.1203125
9 0.7109375 0.6671875 0.25 0.1265625
9 0.93359375 0.66796875 0.1328125 0.11484375
9 0.16640625 0.8671875 0.25703125 0.1140625
9 0.43671875 0.865625 0.23203125 0.11015625
9 0.7 0.86796875 0.23671875 0.11171875
9 0.92421875 0.87265625 0.15078125 0.11640625
8 0.5109375 0.078125 0.34765625 0.04453125