6 0.5 0.2953125 1 0.215625
6 0.5 0.51015625 1 0.215625
2 0.0953125 0.9265625 0.13359375 0.0703125
2 0.3078125 0.9296875 0.18359375 0.07734375
2 0.51171875 0.92578125 0.1421875 0.08203125
2 0.70703125 0.92578125 0.184375 0.0859375
2 0.91484375 0.92890625 0.1703125 0.0828125
8 0.515625 0.08203125 0.21484375 0.040625
8 0.66953125 0.24921875 0.559375 0.09140625
8 0.6734375 0.45078125 0.56640625 0.084375
3 0.209375 0.29375 0.30703125 0.19296875
3 0.2015625 0.50390625 0.309375 0.18125
7 0.48203125 0.74765625 0.9265625 0.225