8 0.296875 0.1546875 0.50078125 0.06171875
8 0.15078125 0.08125 0.22734375 0.0421875
8 0.92109375 0.084375 0.1578125 0.0359375
4 0.5015625 0.2578125 0.93671875 0.0765625
4 0.49765625 0.3328125 0.9296875 0.06015625
4 0.5 0.4 0.93359375 0.06640625
4 0.50078125 0.4671875 0.9453125 0.0640625
4 0.50703125 0.5359375 0.94765625 0.065625
4 0.5078125 0.60703125 0.93125 0.07109375
4 0.50703125 0.678125 0.94765625 0.06484375
4 0.51328125 0.74765625 0.95078125 0.0640625
4 0.509375 0.815625 0.94375 0.0625
4 0.5140625 0.8828125 0.9625 0.0609375