2 0.08828125 0.0703125 0.1125 0.0640625
2 0.89921875 0.06953125 0.1140625 0.06640625
2 0.2984375 0.43828125 0.14296875 0.07890625
2 0.70546875 0.43984375 0.11640625 0.06796875
2 0.5015625 0.43984375 0.19609375 0.09140625
9 0.50078125 0.1984375 0.43515625 0.16875
8 0.50546875 0.0671875 0.35234375 0.0484375
8 0.525 0.33671875 0.57578125 0.08046875
6 0.528125 0.5328125 0.93046875 0.06875
6 0.50859375 0.60703125 0.9125 0.07109375
6 0.5140625 0.6859375 0.89296875 0.06796875
6 0.521875 0.7640625 0.91875 0.06796875
2 0.89765625 0.53828125 0.10078125 0.0375
2 0.8828125 0.60859375 0.12265625 0.04140625
2 0.8953125 0.684375 0.10625 0.04140625
2 0.8953125 0.75703125 0.10625 0.03984375
8 0.3328125 0.53203125 0.3359375 0.05859375
8 0.32890625 0.61015625 0.32734375 0.053125
8 0.3296875 0.684375 0.31875 0.05546875
8 0.34296875 0.7578125 0.315625 0.0546875