2 0.09375 0.0671875 0.09296875 0.0671875
2 0.90390625 0.0765625 0.1078125 0.0671875
2 0.896875 0.17578125 0.1140625 0.04140625
2 0.90078125 0.290625 0.090625 0.03046875
2 0.90234375 0.40234375 0.09453125 0.0515625
2 0.9 0.5125 0.1 0.03671875
2 0.89296875 0.62265625 0.10546875 0.04140625
2 0.89765625 0.73515625 0.0953125 0.04609375
6 0.50625 0.178125 0.96953125 0.12421875
6 0.5 0.28671875 0.95703125 0.1125
6 0.50078125 0.396875 0.93828125 0.10703125
6 0.50546875 0.50703125 0.9375 0.115625
6 0.5078125 0.61953125 0.93203125 0.11953125
6 0.50546875 0.73984375 0.9375 0.115625
9 0.18203125 0.175 0.259375 0.11875
9 0.17109375 0.29140625 0.2484375 0.10703125
9 0.178125 0.40234375 0.2421875 0.1078125
9 0.1796875 0.5125 0.26484375 0.1125
9 0.18125 0.62109375 0.26875 0.11328125
9 0.1671875 0.74140625 0.271875 0.109375
8 0.4859375 0.16875 0.35546875 0.1015625
8 0.5 0.28828125 0.384375 0.0828125
8 0.50234375 0.39765625 0.38828125 0.08984375
8 0.50390625 0.50703125 0.3921875 0.096875
8 0.5140625 0.6203125 0.38125 0.0921875
8 0.49765625 0.73828125 0.3796875 0.09375
8 0.50703125 0.07109375 0.2140625 0.04765625